Network 1 with 9 nodes has 9 states:
=============================
Network parameters:

 P is 
[1] 63.368164 37.159820 42.569561 68.298726  9.631143 75.463861 39.025354 57.437547 42.671103
[1] 63.368164 37.159820 42.569561 68.298726  9.631143 75.463861 39.025354 57.437547 42.671103
63.36816 37.15982 42.56956 68.29873 9.631143 75.46386 39.02535 57.43755 42.6711[1] 5388.890 1768.349 5436.867 5373.445 4511.675 9476.943 6455.973 8594.321 4267.110
[1] 1
5388.89 1768.349 5436.867 5373.445 4511.675 9476.943 6455.973 8594.321 4267.11[1] 99.051107 48.908568 54.129492 66.050622 71.935385  3.848363 84.846874  1.287882 42.671103
round  1 
round  2 
round  3 
round  4 
round  5 
round  6 
