Network 1 with 9 nodes has 1163 states:
=============================
Network parameters:

 P is 
177.2326 158.6772 38.24178 69.41392 2.218687 5.651995 108.0495 158.5345 98.60709117.7573 0.8635544 96.95251 151.1933 46.16266 65.39324 127.7636 11.19675 20.5814213.65986 139.628 126.8251 113.0854 139.5429 173.2702 111.8259 73.0058 80.9580826.10845 101.3933 40.46063 125.5176 180.7898 41.89959 12.22559 178.2836 10.4937629.35461 53.88882 85.92038 78.44291 17.79041 97.97146 58.47672 103.848 7.313467172.0633 126.93 134.1377 131.6764 132.54 93.1253 96.72497 73.7282 46.21923189.8552 199.5313 164.3176 136.6212 128.3515 106.4127 59.77245 83.51254 195.9605179.2887 101.0149 71.73824 155.2651 186.7769 188.713 106.7511 4.539212 9.25879622.73035 186.6466 123.6543 153.5313 181.1407 107.2517 88.87615 118.0977 26.39013
 M is 
0.9284404 0.08794006 0.9425855 0.6741142 0.003828738 0.8492513 0.5155908 0.4223498 0.8596118
 A is 
17723.26 86.35544 12682.51 12551.76 1779.041 9312.53 5977.245 453.9212 2639.013
 N is 
0 0 1 1 1 -1 1 1 1 1 0 -1 0 0 0 -1 1 1 1 -1 0 -1 1 -1 1 1 0 0 -1 -1 0 -1 1 1 -1 -1 -1 -1 -1 -1 0 1 0 0 1 0 1 -1 0 -1 0 0 1 1 0 -1 0 -1 -1 1 0 1 -1 0 -1 0 -1 -1 1 0 0 1 0 1 1 -1 0 0 -1 -1 0
 Network steady states: 
177.2326 117.7573 13.65986 26.10845 29.35461 172.0633 189.8552 179.2887 22.73035158.6772 0.8635544 139.628 101.3933 53.88882 126.93 199.5313 101.0149 186.646638.24178 96.95251 126.8251 40.46063 85.92038 134.1377 164.3176 71.73824 123.654369.41392 151.1933 113.0854 125.5176 78.44291 131.6764 136.6212 155.2651 153.53132.218687 46.16266 139.5429 180.7898 17.79041 132.54 128.3515 186.7769 181.14075.651995 65.39324 173.2702 41.89959 97.97146 93.1253 106.4127 188.713 107.2517108.0495 127.7636 111.8259 12.22559 58.47672 96.72497 59.77245 106.7511 88.87615158.5345 11.19675 73.0058 178.2836 103.848 73.7282 83.51254 4.539212 118.097798.60709 20.58142 80.95808 10.49376 7.313467 46.21923 195.9605 9.258796 26.39013