Network 1 with 9 nodes has 9 states:
=============================
Network parameters:

 P is 
53.8889 66.61178 52.10346 82.33933 13.7522 24.97938 92.2444 35.92516 63.368169.9515 17.68349 56.71698 88.65696 73.22281 44.15867 22.01251 99.65927 37.1598264.84681 18.60779 54.36867 76.23043 7.237998 12.99679 45.48484 37.0253 42.5695666.25658 7.685378 38.33853 53.73445 28.56885 22.17386 65.83535 15.03471 68.2987375.11815 81.19375 80.5987 86.83637 45.11675 90.39585 37.09717 54.20455 9.63114380.42994 51.68713 84.49229 22.59664 46.26322 94.76943 24.02176 42.72304 75.4638639.44754 12.40924 46.05798 63.33734 13.54637 40.85422 64.55973 23.11412 39.0253561.43843 96.1423 63.57626 65.35506 13.58529 45.62283 23.62738 85.94321 57.4375599.05111 48.90857 54.12949 66.05062 71.93539 3.848363 84.84687 1.287882 42.6711
 M is 
0.03354627 0.4674118 0.2442358 0.9465453 0.0505602 0.3220622 0.00586824 0.05750711 0.06830678
 A is 
5388.89 1768.349 5436.867 5373.445 4511.675 9476.943 6455.973 8594.321 4267.11
 N is 
0 0 1 1 1 1 -1 0 1 1 0 -1 1 0 1 -1 0 -1 0 1 0 -1 0 1 -1 -1 1 1 0 0 0 1 0 -1 0 1 0 0 0 -1 0 1 1 0 -1 0 -1 0 1 1 0 0 0 1 -1 -1 0 -1 0 0 0 -1 1 1 0 1 1 0 0 1 0 -1 1 -1 -1 0 -1 0 -1 0 0
 Network steady states: 
53.8889 9.9515 64.84681 66.25658 75.11815 80.42994 39.44754 61.43843 99.0511166.61178 17.68349 18.60779 7.685378 81.19375 51.68713 12.40924 96.1423 48.9085752.10346 56.71698 54.36867 38.33853 80.5987 84.49229 46.05798 63.57626 54.1294982.33933 88.65696 76.23043 53.73445 86.83637 22.59664 63.33734 65.35506 66.0506213.7522 73.22281 7.237998 28.56885 45.11675 46.26322 13.54637 13.58529 71.9353924.97938 44.15867 12.99679 22.17386 90.39585 94.76943 40.85422 45.62283 3.84836392.2444 22.01251 45.48484 65.83535 37.09717 24.02176 64.55973 23.62738 84.8468735.92516 99.65927 37.0253 15.03471 54.20455 42.72304 23.11412 85.94321 1.28788263.36816 37.15982 42.56956 68.29873 9.631143 75.46386 39.02535 57.43755 42.6711=============================
